1.000000000000000000e+00	8.092000000000000304e-01	9.439999999999999503e-01	2.310999999999999721e-01	7.322999999999999510e-01	4.211000000000000298e-01
8.092000000000000304e-01	1.000000000000000000e+00	2.328999999999999959e-01	3.297999999999999821e-01	4.510000000000000120e-01	2.389999999999999902e-01
9.439999999999999503e-01	2.328999999999999959e-01	1.000000000000000000e+00	3.659000000000000030e-01	3.625999999999999779e-01	6.530000000000000249e-01
2.310999999999999721e-01	3.297999999999999821e-01	3.659000000000000030e-01	1.000000000000000000e+00	9.570000000000000728e-01	7.400999999999999801e-01
7.322999999999999510e-01	4.510000000000000120e-01	3.625999999999999779e-01	9.570000000000000728e-01	1.000000000000000000e+00	5.641000000000000458e-01
4.211000000000000298e-01	2.389999999999999902e-01	6.530000000000000249e-01	7.400999999999999801e-01	5.641000000000000458e-01	1.000000000000000000e+00
